"team_id","team_name","state_from","Win","Draw","Loss","n_from_state"
33,"Manchester United","(-2,T1)",0.27307242157988,0.318201800993443,0.408725777426677,1
33,"Manchester United","(-1,T1)",0.27307242157988,0.318201800993443,0.408725777426677,8
33,"Manchester United","(0,T1)",0.483870967741935,0.32258064516129,0.193548387096774,31
33,"Manchester United","(+1,T1)",0.642735761701551,0.28239855544509,0.0748656828533596,10
33,"Manchester United","(+2,T1)",0,0,0,NA
33,"Manchester United","(-2,T2)",0,0,1,1
33,"Manchester United","(-1,T2)",0.27307242157988,0.318201800993443,0.408725777426677,14
33,"Manchester United","(0,T2)",0.475795387994667,0.353471559899643,0.17073305210569,26
33,"Manchester United","(+1,T2)",0.642735761701551,0.28239855544509,0.0748656828533596,21
33,"Manchester United","(+2,T2)",0.902439024390244,0.0878048780487805,0.00975609756097561,4
33,"Manchester United","(-2,T3)",0,0,1,2
33,"Manchester United","(-1,T3)",0.138320224878617,0.333427979215764,0.528251795905619,8
33,"Manchester United","(0,T3)",0.423634969760641,0.482057980067577,0.0943070501717823,14
33,"Manchester United","(+1,T3)",0.639356597291235,0.314392799341265,0.0462506033675005,18
33,"Manchester United","(+2,T3)",0.902439024390244,0.0878048780487805,0.00975609756097561,7
33,"Manchester United","(-2,T4)",0,0,1,2
33,"Manchester United","(-1,T4)",0.0975609756097561,0.31219512195122,0.590243902439024,9
33,"Manchester United","(0,T4)",0.219512195121951,0.702439024390244,0.0780487804878049,17
33,"Manchester United","(+1,T4)",0.707317073170732,0.263414634146342,0.0292682926829268,20
33,"Manchester United","(+2,T4)",0.902439024390244,0.0878048780487805,0.00975609756097561,10
34,"Newcastle","(-2,T1)",0,0,0,NA
34,"Newcastle","(-1,T1)",0.172108714046507,0.147004619982822,0.680886665970671,5
34,"Newcastle","(0,T1)",0.387096774193548,0.193548387096774,0.419354838709677,32
34,"Newcastle","(+1,T1)",0.596400842845113,0.158742539048752,0.244856618106134,11
34,"Newcastle","(+2,T1)",0.747476216375527,0.101089032815437,0.151434750809036,3
34,"Newcastle","(-2,T2)",0.118361699009747,0.135368678204333,0.74626962278592,1
34,"Newcastle","(-1,T2)",0.118361699009747,0.135368678204333,0.74626962278592,14
34,"Newcastle","(0,T2)",0.327208516206463,0.227711758629126,0.44507972516441,27
34,"Newcastle","(+1,T2)",0.539747577771208,0.180362603886245,0.279889818342547,15
34,"Newcastle","(+2,T2)",0.823013903140734,0.0722622796987798,0.104723817160486,5
34,"Newcastle","(-2,T3)",0,0,1,1
34,"Newcastle","(-1,T3)",0.0557076538507321,0.107665754076896,0.836626592072372,10
34,"Newcastle","(0,T3)",0.377574098321628,0.320643646319161,0.30178225535921,15
34,"Newcastle","(+1,T3)",0.711820021426021,0.148456352598717,0.139723625975263,12
34,"Newcastle","(+2,T3)",0.964647065825497,0.018212117605047,0.017140816569456,3
34,"Newcastle","(-2,T4)",0,0,1,5
34,"Newcastle","(-1,T4)",0.0618973931674801,0.119628615640995,0.818473991191525,17
34,"Newcastle","(0,T4)",0.210451136769432,0.406737293179383,0.382811570051184,18
34,"Newcastle","(+1,T4)",0.823235329127485,0.0910605880252351,0.0857040828472801,14
34,"Newcastle","(+2,T4)",0.964647065825497,0.018212117605047,0.017140816569456,5
35,"Bournemouth","(-2,T1)",0,0,0,NA
35,"Bournemouth","(-1,T1)",0.174085374282381,0.436602304364789,0.38931232135283,9
35,"Bournemouth","(0,T1)",0.290322580645161,0.483870967741935,0.225806451612903,36
35,"Bournemouth","(+1,T1)",0.484834326307569,0.408726623353578,0.106439050338853,11
35,"Bournemouth","(+2,T1)",0.484834326307569,0.408726623353578,0.106439050338853,1
35,"Bournemouth","(-2,T2)",0.0470966388060007,0.240751854107699,0.7121515070863,6
35,"Bournemouth","(-1,T2)",0.115966771100991,0.412967972676216,0.471065256222793,12
35,"Bournemouth","(0,T2)",0.237441251271099,0.553098109758282,0.209460638970619,23
35,"Bournemouth","(+1,T2)",0.533462262723171,0.389940537256488,0.0765972000203401,13
35,"Bournemouth","(+2,T2)",0.706538395860422,0.255813183993955,0.0376484201456227,3
35,"Bournemouth","(-2,T3)",0.0470966388060007,0.240751854107699,0.7121515070863,7
35,"Bournemouth","(-1,T3)",0.110948576342149,0.523140518075311,0.36591090558254,10
35,"Bournemouth","(0,T3)",0.202423007825896,0.667975887642865,0.12960110453124,17
35,"Bournemouth","(+1,T3)",0.586152924858095,0.377499014725377,0.036348060416528,11
35,"Bournemouth","(+2,T3)",0.793076462429047,0.188749507362689,0.018174030208264,2
35,"Bournemouth","(-2,T4)",0.0151706700379267,0.0995575221238938,0.885271807838179,8
35,"Bournemouth","(-1,T4)",0.0758533501896334,0.497787610619469,0.426359039190898,10
35,"Bournemouth","(0,T4)",0.123893805309735,0.813053097345133,0.0630530973451327,22
35,"Bournemouth","(+1,T4)",0.624525916561315,0.348451327433628,0.0270227560050569,14
35,"Bournemouth","(+2,T4)",1,0,0,3
36,"Fulham","(-2,T1)",0.0268061740671884,0.0294003199446582,0.943793505988153,1
36,"Fulham","(-1,T1)",0.168181462364527,0.123954652889664,0.707863884745809,7
36,"Fulham","(0,T1)",0.419354838709677,0.161290322580645,0.419354838709677,32
36,"Fulham","(+1,T1)",0.733118023227959,0.098649945907594,0.168232030864447,7
36,"Fulham","(+2,T1)",0.90082207739945,0.0437796393007077,0.0553982832998423,1
36,"Fulham","(-2,T2)",0.0268061740671884,0.0294003199446582,0.943793505988153,11
36,"Fulham","(-1,T2)",0.191744010414083,0.139713708380499,0.668542281205418,14
36,"Fulham","(0,T2)",0.39501435775346,0.200169896166658,0.404815746079882,23
36,"Fulham","(+1,T2)",0.762329849297317,0.097095931894361,0.140574218808322,11
36,"Fulham","(+2,T2)",0.90082207739945,0.0437796393007077,0.0553982832998423,4
36,"Fulham","(-2,T3)",0.0268061740671884,0.0294003199446582,0.943793505988153,6
36,"Fulham","(-1,T3)",0.198878339466862,0.17684013557834,0.624281524954798,8
36,"Fulham","(0,T3)",0.373972889853033,0.300071828531733,0.325955281615234,15
36,"Fulham","(+1,T3)",0.815522232427535,0.0893960901004221,0.0950816774720426,9
36,"Fulham","(+2,T3)",0.946986153433494,0.0260075417694899,0.0270063047970156,6
36,"Fulham","(-2,T4)",0.0268061740671884,0.0294003199446582,0.943793505988153,7
36,"Fulham","(-1,T4)",0.0938216092351593,0.102901119806304,0.803277270958537,14
36,"Fulham","(0,T4)",0.314972545289463,0.345453759349734,0.339573695360802,17
36,"Fulham","(+1,T4)",0.939556401054953,0.0304812140602707,0.0299623848847767,12
36,"Fulham","(+2,T4)",0.979852133684984,0.0101604046867569,0.0099874616282589,6
39,"Wolves","(-2,T1)",0.00918823785870545,0.0621307273301427,0.928681034811152,1
39,"Wolves","(-1,T1)",0.0269946969722918,0.140966648271035,0.832038654756673,13
39,"Wolves","(0,T1)",0.0967741935483871,0.258064516129032,0.645161290322581,32
39,"Wolves","(+1,T1)",0.491321165371558,0.300779814305421,0.207899020323022,3
39,"Wolves","(+2,T1)",0,0,0,NA
39,"Wolves","(-2,T2)",0.00918823785870545,0.0621307273301427,0.928681034811152,11
39,"Wolves","(-1,T2)",0.0222698753847909,0.137488289460389,0.84024183515482,21
39,"Wolves","(0,T2)",0.0794924772996201,0.345197415355582,0.575310107344798,20
39,"Wolves","(+1,T2)",0.491321165371558,0.300779814305421,0.207899020323022,4
39,"Wolves","(+2,T2)",1,0,0,2
39,"Wolves","(-2,T3)",0.00264741909566271,0.0244519462650194,0.972900634639318,13
39,"Wolves","(-1,T3)",0.0155684048312106,0.135461601396029,0.848969993772761,16
39,"Wolves","(0,T3)",0.0785532710772757,0.470062538881958,0.451384190040767,13
39,"Wolves","(+1,T3)",0.442896092093305,0.428960920933051,0.128142986973644,3
39,"Wolves","(+2,T3)",1,0,0,1
39,"Wolves","(-2,T4)",0.00121175401393517,0.0121175401393517,0.986670705846713,14
39,"Wolves","(-1,T4)",0.0145410481672221,0.145410481672221,0.840048470160557,15
39,"Wolves","(0,T4)",0.0714934868221751,0.714934868221751,0.213571644956074,13
39,"Wolves","(+1,T4)",0.442896092093305,0.428960920933051,0.128142986973644,5
39,"Wolves","(+2,T4)",1,0,0,2
40,"Liverpool","(-2,T1)",0,0,0,NA
40,"Liverpool","(-1,T1)",0.212530889234261,0.180611566390627,0.606857544375112,8
40,"Liverpool","(0,T1)",0.451612903225806,0.225806451612903,0.32258064516129,32
40,"Liverpool","(+1,T1)",0.789311215808851,0.12766688513892,0.0830218990522293,4
40,"Liverpool","(+2,T1)",0.831281759283943,0.102361469413532,0.0663567713025255,2
40,"Liverpool","(-2,T2)",0.0926404449201291,0.104101635888035,0.803257919191836,5
40,"Liverpool","(-1,T2)",0.178376315806898,0.174155154216016,0.647468529977086,12
40,"Liverpool","(0,T2)",0.479706046305816,0.26351231899661,0.256781634697574,22
40,"Liverpool","(+1,T2)",0.747340672333759,0.152972300864308,0.0996870268019331,14
40,"Liverpool","(+2,T2)",0.831281759283943,0.102361469413532,0.0663567713025255,10
40,"Liverpool","(-2,T3)",0.0354831976622835,0.0573992903360467,0.90711751200167,4
40,"Liverpool","(-1,T3)",0.143580294494099,0.20846580663176,0.647953898874141,6
40,"Liverpool","(0,T3)",0.329233802030342,0.389805484749861,0.280960713219797,13
40,"Liverpool","(+1,T3)",0.684384857121121,0.19093042445239,0.124684718426489,12
40,"Liverpool","(+2,T3)",0.881646411454053,0.0719949705430659,0.0463586180028809,9
40,"Liverpool","(-2,T4)",0.0354831976622835,0.0573992903360467,0.90711751200167,4
40,"Liverpool","(-1,T4)",0.10644959298685,0.17219787100814,0.721352536005009,13
40,"Liverpool","(0,T4)",0.276768941765811,0.447714464621165,0.275516593613024,21
40,"Liverpool","(+1,T4)",0.723857232310582,0.170945522855354,0.105197244834064,16
40,"Liverpool","(+2,T4)",0.960551033187226,0.0244207889793362,0.0150281778334377,9
42,"Arsenal","(-2,T1)",0,0,0,NA
42,"Arsenal","(-1,T1)",0.517071918014651,0.263104239395533,0.219823842589816,2
42,"Arsenal","(0,T1)",0.67741935483871,0.225806451612903,0.0967741935483871,32
42,"Arsenal","(+1,T1)",0.857130503859156,0.110950966547872,0.0319185295929712,10
42,"Arsenal","(+2,T1)",0,0,0,NA
42,"Arsenal","(-2,T2)",0,0,0,NA
42,"Arsenal","(-1,T2)",0.356724481190593,0.300402027178163,0.342873491631244,6
42,"Arsenal","(0,T2)",0.603598524010892,0.279504415367156,0.116897060621952,26
42,"Arsenal","(+1,T2)",0.857130503859156,0.110950966547872,0.0319185295929712,21
42,"Arsenal","(+2,T2)",0.963696905412657,0.0298966661307532,0.00640642845658996,12
42,"Arsenal","(-2,T3)",0,0,0,NA
42,"Arsenal","(-1,T3)",0.109850438370294,0.32129963898917,0.568849922640536,3
42,"Arsenal","(0,T3)",0.448150367587951,0.454464403162864,0.0973852292491852,11
42,"Arsenal","(+1,T3)",0.847936976570835,0.125228372235782,0.026834651193382,16
42,"Arsenal","(+2,T3)",0.963696905412657,0.0298966661307532,0.00640642845658996,14
42,"Arsenal","(-2,T4)",0,0,0,NA
42,"Arsenal","(-1,T4)",0.109850438370294,0.32129963898917,0.568849922640536,6
42,"Arsenal","(0,T4)",0.219700876740588,0.642599277978339,0.137699845281073,13
42,"Arsenal","(+1,T4)",0.842186694172254,0.129963898916968,0.0278494069107788,15
42,"Arsenal","(+2,T4)",0.986848891181021,0.0108303249097473,0.00232078390923156,20
44,"Burnley","(-2,T1)",0.0292312769667134,0.097952099380127,0.872816623653159,3
44,"Burnley","(-1,T1)",0.0577201189118838,0.173336571190056,0.76894330989806,15
44,"Burnley","(0,T1)",0.129032258064516,0.258064516129032,0.612903225806452,33
44,"Burnley","(+1,T1)",0.435179825959943,0.252654874692612,0.312165299347445,3
44,"Burnley","(+2,T1)",0.435179825959943,0.252654874692612,0.312165299347445,1
44,"Burnley","(-2,T2)",0.0149868559941282,0.0602598634751625,0.924753280530709,12
44,"Burnley","(-1,T2)",0.0520043436649085,0.179006323745239,0.768989332589852,21
44,"Burnley","(0,T2)",0.134027710842677,0.333215775719965,0.532756513437358,24
44,"Burnley","(+1,T2)",0.435179825959943,0.252654874692612,0.312165299347445,7
44,"Burnley","(+2,T2)",0.435179825959943,0.252654874692612,0.312165299347445,1
44,"Burnley","(-2,T3)",0.00573248407643312,0.0305732484076433,0.963694267515923,12
44,"Burnley","(-1,T3)",0.0377572268495835,0.201371876531112,0.760870896619304,11
44,"Burnley","(0,T3)",0.0916278784909358,0.488682018618324,0.41969010289074,15
44,"Burnley","(+1,T3)",0.661043912297893,0.192234198922097,0.14672188878001,4
44,"Burnley","(+2,T3)",1,0,0,1
44,"Burnley","(-2,T4)",0.00573248407643312,0.0305732484076433,0.963694267515923,17
44,"Burnley","(-1,T4)",0.0214968152866242,0.114649681528662,0.863853503184713,16
44,"Burnley","(0,T4)",0.105095541401274,0.560509554140127,0.334394904458599,16
44,"Burnley","(+1,T4)",0.776273885350319,0.140127388535032,0.0835987261146497,4
44,"Burnley","(+2,T4)",1,0,0,2
45,"Everton","(-2,T1)",0.0151517185821697,0.0295582706766917,0.955290010741139,2
45,"Everton","(-1,T1)",0.0606068743286788,0.118233082706767,0.821160042964554,8
45,"Everton","(0,T1)",0.419354838709677,0.225806451612903,0.354838709677419,32
45,"Everton","(+1,T1)",0.711284813751494,0.17053516985253,0.118180016395975,9
45,"Everton","(+2,T1)",0,0,0,NA
45,"Everton","(-2,T2)",0.0151517185821697,0.0295582706766917,0.955290010741139,8
45,"Everton","(-1,T2)",0.0757585929108485,0.147791353383459,0.776450053705693,9
45,"Everton","(0,T2)",0.435529101354453,0.316341684085733,0.248129214559814,17
45,"Everton","(+1,T2)",0.747776060631722,0.163626259632484,0.0885976797357947,15
45,"Everton","(+2,T2)",0.989720394736842,0.00863486842105263,0.00164473684210526,4
45,"Everton","(-2,T3)",0,0,1,7
45,"Everton","(-1,T3)",0.106062030075188,0.206907894736842,0.68703007518797,9
45,"Everton","(0,T3)",0.252255639097744,0.492105263157895,0.255639097744361,12
45,"Everton","(+1,T3)",0.709633458646617,0.198574561403509,0.0917919799498747,9
45,"Everton","(+2,T3)",0.989720394736842,0.00863486842105263,0.00164473684210526,5
45,"Everton","(-2,T4)",0,0,1,9
45,"Everton","(-1,T4)",0.100328947368421,0.195723684210526,0.703947368421053,9
45,"Everton","(0,T4)",0.300986842105263,0.587171052631579,0.111842105263158,13
45,"Everton","(+1,T4)",0.928042763157895,0.0604440789473684,0.0115131578947368,10
45,"Everton","(+2,T4)",0.989720394736842,0.00863486842105263,0.00164473684210526,9
47,"Tottenham","(-2,T1)",0.0134839854860302,0.176133590038377,0.810382424475593,1
47,"Tottenham","(-1,T1)",0.023480579838463,0.27839778155364,0.698121638607897,8
47,"Tottenham","(0,T1)",0.225806451612903,0.290322580645161,0.483870967741935,32
47,"Tottenham","(+1,T1)",0.554019676616662,0.213695269846264,0.232285053537073,7
47,"Tottenham","(+2,T1)",0,0,0,NA
47,"Tottenham","(-2,T2)",0.0134839854860302,0.176133590038377,0.810382424475593,9
47,"Tottenham","(-1,T2)",0.0249086647459534,0.293006951770106,0.682084383483941,22
47,"Tottenham","(0,T2)",0.18587200450521,0.327486672899541,0.486641322595249,22
47,"Tottenham","(+1,T2)",0.608721880783955,0.200924051379782,0.190354067836263,12
47,"Tottenham","(+2,T2)",1,0,0,5
47,"Tottenham","(-2,T3)",0.00491547604108779,0.0884785687395801,0.906605955219332,7
47,"Tottenham","(-1,T3)",0.018747647132639,0.337457648387502,0.643794704479859,18
47,"Tottenham","(0,T3)",0.0344872093648603,0.620769768567485,0.344743022067655,7
47,"Tottenham","(+1,T3)",0.520391517128874,0.367047308319739,0.112561174551387,3
47,"Tottenham","(+2,T3)",1,0,0,7
47,"Tottenham","(-2,T4)",0.00261011419249592,0.0469820554649266,0.950407830342577,11
47,"Tottenham","(-1,T4)",0.0182707993474715,0.328874388254486,0.652854812398042,18
47,"Tottenham","(0,T4)",0.0407830342577488,0.734094616639478,0.225122349102773,15
47,"Tottenham","(+1,T4)",0.520391517128874,0.367047308319739,0.112561174551387,4
47,"Tottenham","(+2,T4)",1,0,0,6
48,"West Ham","(-2,T1)",0.00147549046395978,0.00612055303568501,0.992403956500355,2
48,"West Ham","(-1,T1)",0.0471216311332767,0.106118596285249,0.846759772581475,8
48,"West Ham","(0,T1)",0.225806451612903,0.258064516129032,0.516129032258065,33
48,"West Ham","(+1,T1)",0.451314633560014,0.262650655398544,0.286034711041442,10
48,"West Ham","(+2,T1)",0.704795539765016,0.173773183393383,0.121431276841601,2
48,"West Ham","(-2,T2)",0.00147549046395978,0.00612055303568501,0.992403956500355,11
48,"West Ham","(-1,T2)",0.0623370113563823,0.139451277368436,0.798211711275181,14
48,"West Ham","(0,T2)",0.17076623457063,0.336044913866042,0.493188851563327,22
48,"West Ham","(+1,T2)",0.441990392140716,0.293805192490102,0.264204415369182,10
48,"West Ham","(+2,T2)",0.704795539765016,0.173773183393383,0.121431276841601,5
48,"West Ham","(-2,T3)",0.00147549046395978,0.00612055303568501,0.992403956500355,13
48,"West Ham","(-1,T3)",0.0306252098084985,0.0972760025918668,0.872098787599635,8
48,"West Ham","(0,T3)",0.175653626661878,0.490542028057739,0.333804345280382,15
48,"West Ham","(+1,T3)",0.499602827633048,0.316474163303225,0.183923009063727,8
48,"West Ham","(+2,T3)",0.792397255639782,0.133762513694477,0.0738402306657402,4
48,"West Ham","(-2,T4)",0.00147549046395978,0.00612055303568501,0.992403956500355,13
48,"West Ham","(-1,T4)",0.0162303951035576,0.0673260833925351,0.916443521503907,9
48,"West Ham","(0,T4)",0.143122575004099,0.593693644461446,0.263183780534455,15
48,"West Ham","(+1,T4)",0.693972348215749,0.212033444450516,0.0939942073337341,9
48,"West Ham","(+2,T4)",0.93879446964315,0.0424066888901033,0.0187988414667468,6
49,"Chelsea","(-2,T1)",0.0923545474934743,0.220767486249275,0.68687796625725,1
49,"Chelsea","(-1,T1)",0.184608445003235,0.280790495371396,0.534601059625369,9
49,"Chelsea","(0,T1)",0.419354838709677,0.290322580645161,0.290322580645161,35
49,"Chelsea","(+1,T1)",0.655614636878001,0.214442153912076,0.129943209209923,10
49,"Chelsea","(+2,T1)",0,0,0,NA
49,"Chelsea","(-2,T2)",0.0923545474934743,0.220767486249275,0.68687796625725,4
49,"Chelsea","(-1,T2)",0.121735296686048,0.287616968467161,0.590647734846792,13
49,"Chelsea","(0,T2)",0.403737311314349,0.343109645319833,0.253153043365818,19
49,"Chelsea","(+1,T2)",0.714679586420082,0.195472047228804,0.0898483663511135,17
49,"Chelsea","(+2,T2)",0.946822695722838,0.037248939469623,0.0159283648075389,12
49,"Chelsea","(-2,T3)",0.004212299915754,0.0202190395956192,0.975568660488627,3
49,"Chelsea","(-1,T3)",0.0622525739761875,0.2988123550857,0.638935070938113,9
49,"Chelsea","(0,T3)",0.125325241741283,0.601561160358157,0.27311359790056,13
49,"Chelsea","(+1,T3)",0.521404261505543,0.335240455226607,0.14335528326785,9
49,"Chelsea","(+2,T3)",0.946822695722838,0.037248939469623,0.0159283648075389,12
49,"Chelsea","(-2,T4)",0.004212299915754,0.0202190395956192,0.975568660488627,5
49,"Chelsea","(-1,T4)",0.016849199663016,0.0808761583824768,0.902274641954507,8
49,"Chelsea","(0,T4)",0.130581297388374,0.626790227464195,0.242628475147431,16
49,"Chelsea","(+1,T4)",0.67396798652064,0.235046335299073,0.0909856781802864,8
49,"Chelsea","(+2,T4)",1,0,0,12
50,"Manchester City","(-2,T1)",0,0,0,NA
50,"Manchester City","(-1,T1)",0.0415371665371665,0.104625312958646,0.853837520504187,1
50,"Manchester City","(0,T1)",0.6,0.233333333333333,0.166666666666667,32
50,"Manchester City","(+1,T1)",0.751207618489815,0.165205322291812,0.0835870592183724,14
50,"Manchester City","(+2,T1)",0.937377947763049,0.0463449542258465,0.0162770980111047,2
50,"Manchester City","(-2,T2)",0,0,1,1
50,"Manchester City","(-1,T2)",0.0415371665371665,0.104625312958646,0.853837520504187,2
50,"Manchester City","(0,T2)",0.508326833800319,0.297009814213097,0.194663351986584,22
50,"Manchester City","(+1,T2)",0.744215076333132,0.175351793696701,0.080433129970167,24
50,"Manchester City","(+2,T2)",0.937377947763049,0.0463449542258465,0.0162770980111047,17
50,"Manchester City","(-2,T3)",0,0,1,1
50,"Manchester City","(-1,T3)",0.0830743330743331,0.209250625917293,0.707675041008374,5
50,"Manchester City","(0,T3)",0.245674695674696,0.480596563929897,0.273728740395407,13
50,"Manchester City","(+1,T3)",0.688312613312613,0.230628938962272,0.0810584477251144,12
50,"Manchester City","(+2,T3)",0.98030303030303,0.0176767676767677,0.00202020202020202,18
50,"Manchester City","(-2,T4)",0,0,1,2
50,"Manchester City","(-1,T4)",0.0424242424242424,0.141414141414141,0.816161616161616,5
50,"Manchester City","(0,T4)",0.212121212121212,0.707070707070707,0.0808080808080808,11
50,"Manchester City","(+1,T4)",0.763636363636364,0.212121212121212,0.0242424242424242,10
50,"Manchester City","(+2,T4)",0.98030303030303,0.0176767676767677,0.00202020202020202,16
51,"Brighton","(-2,T1)",0,0,0,NA
51,"Brighton","(-1,T1)",0.130071236110982,0.290575416668021,0.579353347220997,10
51,"Brighton","(0,T1)",0.354838709677419,0.32258064516129,0.32258064516129,33
51,"Brighton","(+1,T1)",0.647710861502583,0.236989217567242,0.115299920930176,9
51,"Brighton","(+2,T1)",0.855363102628339,0.114441666752507,0.0301952306191538,1
51,"Brighton","(-2,T2)",0.0435776848114283,0.150103537773798,0.806318777414774,4
51,"Brighton","(-1,T2)",0.130071236110982,0.290575416668021,0.579353347220997,15
51,"Brighton","(0,T2)",0.32711195033727,0.400464583252657,0.272423466410073,18
51,"Brighton","(+1,T2)",0.710726205256678,0.228883333505015,0.0603904612383076,13
51,"Brighton","(+2,T2)",0.855363102628339,0.114441666752507,0.0301952306191538,4
51,"Brighton","(-2,T3)",0.0435776848114283,0.150103537773798,0.806318777414774,6
51,"Brighton","(-1,T3)",0.0994277439259005,0.319602918645894,0.580969337428206,12
51,"Brighton","(0,T3)",0.21050348740407,0.57638359346033,0.2131129191356,12
51,"Brighton","(+1,T3)",0.705137712234947,0.247965972450557,0.046896315314496,10
51,"Brighton","(+2,T3)",1,0,0,4
51,"Brighton","(-2,T4)",0.0249609984399376,0.093603744149766,0.881435257410296,5
51,"Brighton","(-1,T4)",0.062402496099844,0.234009360374415,0.703588143525741,13
51,"Brighton","(0,T4)",0.190327613104524,0.713728549141966,0.0959438377535101,16
51,"Brighton","(+1,T4)",0.730109204368175,0.237909516380655,0.0319812792511701,12
51,"Brighton","(+2,T4)",1,0,0,5
52,"Crystal Palace","(-2,T1)",0,0,0,NA
52,"Crystal Palace","(-1,T1)",0.0840976828017439,0.136723669680213,0.779178647518043,2
52,"Crystal Palace","(0,T1)",0.333333333333333,0.3,0.366666666666667,30
52,"Crystal Palace","(+1,T1)",0.564668595023176,0.231997081805422,0.203334323171402,7
52,"Crystal Palace","(+2,T1)",0,0,0,NA
52,"Crystal Palace","(-2,T2)",0.0103664488999024,0.0291619734174364,0.960471577682661,4
52,"Crystal Palace","(-1,T2)",0.0840976828017439,0.136723669680213,0.779178647518043,9
52,"Crystal Palace","(0,T2)",0.279958308058775,0.338217766095315,0.38182392584591,30
52,"Crystal Palace","(+1,T2)",0.564668595023176,0.231997081805422,0.203334323171402,15
52,"Crystal Palace","(+2,T2)",0.854889531674392,0.0773323606018072,0.0677781077238007,3
52,"Crystal Palace","(-2,T3)",0.0103664488999024,0.0291619734174364,0.960471577682661,5
52,"Crystal Palace","(-1,T3)",0.0414657955996095,0.116647893669745,0.841886310730645,9
52,"Crystal Palace","(0,T3)",0.241086581061801,0.472842982653751,0.286070436284449,17
52,"Crystal Palace","(+1,T3)",0.789130434782609,0.176086956521739,0.0347826086956522,8
52,"Crystal Palace","(+2,T3)",1,0,0,4
52,"Crystal Palace","(-2,T4)",0,0,1,8
52,"Crystal Palace","(-1,T4)",0.0173913043478261,0.0782608695652174,0.904347826086957,9
52,"Crystal Palace","(0,T4)",0.156521739130435,0.704347826086956,0.139130434782609,14
52,"Crystal Palace","(+1,T4)",0.718840579710145,0.234782608695652,0.0463768115942029,9
52,"Crystal Palace","(+2,T4)",1,0,0,5
55,"Brentford","(-2,T1)",0,0,0,NA
55,"Brentford","(-1,T1)",0.11353816442371,0.118564660725048,0.767897174851242,10
55,"Brentford","(0,T1)",0.419354838709677,0.225806451612903,0.354838709677419,31
55,"Brentford","(+1,T1)",0.72176601948401,0.189536070474808,0.0886979100411824,11
55,"Brentford","(+2,T1)",0.78120245769468,0.149371218535677,0.0694263237696423,2
55,"Brentford","(-2,T2)",0,0,1,6
55,"Brentford","(-1,T2)",0.11353816442371,0.118564660725048,0.767897174851242,11
55,"Brentford","(0,T2)",0.422450741902073,0.356272062545586,0.221277195552341,15
55,"Brentford","(+1,T2)",0.708557922103861,0.198461593127948,0.0929804847681913,16
55,"Brentford","(+2,T2)",0.840638895905351,0.109206366596547,0.0501547374981022,10
55,"Brentford","(-2,T3)",0,0,1,5
55,"Brentford","(-1,T3)",0.101004581214165,0.147916785721089,0.751078633064747,5
55,"Brentford","(0,T3)",0.338899127569194,0.443166990494695,0.217933881936111,13
55,"Brentford","(+1,T3)",0.698758976703431,0.212978836885917,0.088262186410652,11
55,"Brentford","(+2,T3)",0.97271986970684,0.0199511400651466,0.00732899022801303,7
55,"Brentford","(-2,T4)",0,0,1,9
55,"Brentford","(-1,T4)",0.0415309446254072,0.0741042345276873,0.884364820846905,7
55,"Brentford","(0,T4)",0.29071661237785,0.518729641693811,0.190553745928339,16
55,"Brentford","(+1,T4)",0.754478827361563,0.179560260586319,0.0659609120521173,15
55,"Brentford","(+2,T4)",0.97271986970684,0.0199511400651466,0.00732899022801303,12
63,"Leeds","(-2,T1)",0.0254241817487212,0.127154352341256,0.847421465910023,1
63,"Leeds","(-1,T1)",0.0738006772334663,0.270888820187253,0.655310502579281,9
63,"Leeds","(0,T1)",0.225806451612903,0.387096774193548,0.387096774193548,32
63,"Leeds","(+1,T1)",0.555939999540628,0.280070628116675,0.163989372342697,6
63,"Leeds","(+2,T1)",0.814433067165767,0.134799640720792,0.0507672921134408,2
63,"Leeds","(-2,T2)",0.0254241817487212,0.127154352341256,0.847421465910023,7
63,"Leeds","(-1,T2)",0.0798477391690595,0.288855628668002,0.631296632162938,13
63,"Leeds","(0,T2)",0.189762374074585,0.486392566106366,0.323845059819049,24
63,"Leeds","(+1,T2)",0.493655803766443,0.341242571021639,0.165101625211918,10
63,"Leeds","(+2,T2)",0.814433067165767,0.134799640720792,0.0507672921134408,7
63,"Leeds","(-2,T3)",0.0118182923936366,0.0867290332595695,0.901452674346794,8
63,"Leeds","(-1,T3)",0.0354548771809099,0.260187099778709,0.704358023040381,11
63,"Leeds","(0,T3)",0.0909265141796526,0.605038831839353,0.304034653980994,18
63,"Leeds","(+1,T3)",0.480992928485844,0.387212272433728,0.131794799080428,5
63,"Leeds","(+2,T3)",0.894627383015598,0.0831889081455806,0.0221837088388215,5
63,"Leeds","(-2,T4)",0,0,1,7
63,"Leeds","(-1,T4)",0.0155979202772964,0.145580589254766,0.838821490467938,10
63,"Leeds","(0,T4)",0.0779896013864818,0.72790294627383,0.194107452339688,19
63,"Leeds","(+1,T4)",0.47313691507799,0.415944540727903,0.110918544194107,7
63,"Leeds","(+2,T4)",0.894627383015598,0.0831889081455806,0.0221837088388215,8
65,"Nottingham Forest","(-2,T1)",0.000885375494071146,0.00885375494071146,0.990260869565217,1
65,"Nottingham Forest","(-1,T1)",0.106884784289206,0.146635719039016,0.746479496671778,8
65,"Nottingham Forest","(0,T1)",0.258064516129032,0.258064516129032,0.483870967741935,34
65,"Nottingham Forest","(+1,T1)",0.710062006003284,0.127667034049591,0.162270959947125,5
65,"Nottingham Forest","(+2,T1)",0,0,0,NA
65,"Nottingham Forest","(-2,T2)",0.000885375494071146,0.00885375494071146,0.990260869565217,7
65,"Nottingham Forest","(-1,T2)",0.0676127733123018,0.12962059302267,0.802766633665028,16
65,"Nottingham Forest","(0,T2)",0.208038344955097,0.331560601229858,0.460401053815045,27
65,"Nottingham Forest","(+1,T2)",0.823061378471846,0.0950676635297312,0.0818709579984226,7
65,"Nottingham Forest","(+2,T2)",1,0,0,4
65,"Nottingham Forest","(-2,T3)",0.000885375494071146,0.00885375494071146,0.990260869565217,7
65,"Nottingham Forest","(-1,T3)",0.00619762845849802,0.0619762845849802,0.931826086956522,8
65,"Nottingham Forest","(0,T3)",0.184931590148982,0.557008209182122,0.258060200668896,13
65,"Nottingham Forest","(+1,T3)",0.851130434782609,0.111304347826087,0.0375652173913044,5
65,"Nottingham Forest","(+2,T3)",1,0,0,4
65,"Nottingham Forest","(-2,T4)",0,0,1,15
65,"Nottingham Forest","(-1,T4)",0.00695652173913044,0.0695652173913043,0.923478260869565,10
65,"Nottingham Forest","(0,T4)",0.0695652173913044,0.695652173913043,0.234782608695652,12
65,"Nottingham Forest","(+1,T4)",0.813913043478261,0.139130434782609,0.0469565217391305,5
65,"Nottingham Forest","(+2,T4)",1,0,0,10
66,"Aston Villa","(-2,T1)",0.0647395295652694,0.0403290339691648,0.894931436465565,1
66,"Aston Villa","(-1,T1)",0.266827158923725,0.150221779540737,0.582951061535538,8
66,"Aston Villa","(0,T1)",0.516129032258065,0.193548387096774,0.290322580645161,32
66,"Aston Villa","(+1,T1)",0.822821046374698,0.0984802652856852,0.0786986883396167,7
66,"Aston Villa","(+2,T1)",0,0,0,NA
66,"Aston Villa","(-2,T2)",0.0647395295652694,0.0403290339691648,0.894931436465565,4
66,"Aston Villa","(-1,T2)",0.258958118261078,0.161316135876659,0.579725745862263,15
66,"Aston Villa","(0,T2)",0.507162613896787,0.253083076104181,0.239754309999032,26
66,"Aston Villa","(+1,T2)",0.822821046374698,0.0984802652856852,0.0786986883396167,13
66,"Aston Villa","(+2,T2)",0.99148777300728,0.00686951652044054,0.00164271047227926,3
66,"Aston Villa","(-2,T3)",0,0,1,6
66,"Aston Villa","(-1,T3)",0.164905730819489,0.147619936531641,0.68747433264887,9
66,"Aston Villa","(0,T3)",0.514803061414971,0.391562441665111,0.0936344969199178,15
66,"Aston Villa","(+1,T3)",0.948926638043681,0.0412170991226433,0.00985626283367556,10
66,"Aston Villa","(+2,T3)",0.99148777300728,0.00686951652044054,0.00164271047227926,6
66,"Aston Villa","(-2,T4)",0,0,1,9
66,"Aston Villa","(-1,T4)",0.0757575757575757,0.0909090909090909,0.833333333333333,6
66,"Aston Villa","(0,T4)",0.454545454545454,0.545454545454545,0,11
66,"Aston Villa","(+1,T4)",1,0,0,13
66,"Aston Villa","(+2,T4)",1,0,0,9
746,"Sunderland","(-2,T1)",0.0888039639203256,0.133483067497004,0.77771296858267,2
746,"Sunderland","(-1,T1)",0.16822641289972,0.23221978336093,0.59955380373935,10
746,"Sunderland","(0,T1)",0.354838709677419,0.32258064516129,0.32258064516129,32
746,"Sunderland","(+1,T1)",0.740817792437139,0.175569577741563,0.0836126298212986,4
746,"Sunderland","(+2,T1)",0,0,0,NA
746,"Sunderland","(-2,T2)",0.0093815149409312,0.0347463516330785,0.95587213342599,4
746,"Sunderland","(-1,T2)",0.164259641639876,0.247521579064857,0.588218779295267,12
746,"Sunderland","(0,T2)",0.361975253885862,0.396332857049825,0.241691889064313,25
746,"Sunderland","(+1,T2)",0.740817792437139,0.175569577741563,0.0836126298212986,7
746,"Sunderland","(+2,T2)",1,0,0,1
746,"Sunderland","(-2,T3)",0.0093815149409312,0.0347463516330785,0.95587213342599,9
746,"Sunderland","(-1,T3)",0.0840752757088658,0.219239136218804,0.69668558807233,9
746,"Sunderland","(0,T3)",0.353272338919751,0.479059105746862,0.167668555333387,19
746,"Sunderland","(+1,T3)",0.865443509822062,0.109080332522822,0.0254761576551163,9
746,"Sunderland","(+2,T3)",1,0,0,3
746,"Sunderland","(-2,T4)",0.0093815149409312,0.0347463516330785,0.95587213342599,9
746,"Sunderland","(-1,T4)",0.0750521195274496,0.277970813064628,0.646977067407922,8
746,"Sunderland","(0,T4)",0.193884642112578,0.718091267083623,0.0880240908037989,15
746,"Sunderland","(+1,T4)",0.919388464211258,0.0718091267083623,0.00880240908037989,10
746,"Sunderland","(+2,T4)",1,0,0,4
